10, 12.5, 15, 17.5, 17.5, 15, 15, 15, 12.5, 12.5, 12.5, 10, 10, 12.5
10, 12.5, 15, 17.5, 17.5, 15, 15, 15, 12.5, 12.5, 12.5, 10, 10, 12.5
10, 12.5, 15, 17.5, 17.5, 15, 15, 15, 12.5, 12.5, 12.5, 10, 10, 12.5
17.5, 17.5, 15, 15, 15, 12.5, 12.5, 12.5, 10, 10, 12.5
17.5, 17.5, 15, 15, 15, 12.5, 12.5, 12.5, 10, 10, 12.5
17.5, 17.5, 15, 15, 15, 12.5, 12.5, 12.5, 10, 10, 12.5
10, 12.5, 15, 17.5, 20, 15, 15, 15, 12.5, 12.5, 12.5, 10, 10, 12.5
10, 12.5, 15, 17.5, 20, 15, 15, 15, 12.5, 12.5, 12.5, 10, 10, 12.5
10, 12.5, 15, 17.5, 20, 15, 15, 15, 12.5, 12.5, 12.5, 10, 10, 12.5
12.5, 15, 17.5, 17.5, 15, 15, 12.5, 12.5, 12.5, 10, 10, 12.5
12.5, 15, 17.5, 17.5, 15, 15, 12.5, 12.5, 12.5, 10, 10, 12.5
12.5, 15, 17.5, 17.5, 15, 15, 12.5, 12.5, 12.5, 10, 10, 12.5
10, 12.5, 15, 17.5, 17.5, 20, 20, 15, 15, 12.5, 12.5, 10, 10, 10, 15, 15
10, 12.5, 15, 17.5, 17.5, 20, 20, 15, 15, 12.5, 12.5, 10, 10, 10, 15, 15
10, 12.5, 15, 17.5, 17.5, 20, 20, 15, 15, 12.5, 12.5, 10, 10, 10, 15, 15